# Created by Octave 4.2.2, Thu May 31 15:39:59 2018 IST <safwan@stormBreaker>
# name: f_pitch
# type: matrix
# rows: 120
# columns: 15
 0 0 0 0 0 0 0 0 0 0 0 0 0 0 0
 0 0 0 0 0 0 0 0 0 0 0 0 0 0 0
 0 0 0 0 0 0 0 0 0 0 0 0 0 0 0
 0 0 0 0 0 0 0 0 0 0 0 0 0 0 0
 0 0 0 0 0 0 0 0 0 0 0 0 0 0 0
 0 0 0 0 0 0 0 0 0 0 0 0 0 0 0
 0 0 0 0 0 0 0 0 0 0 0 0 0 0 0
 0 0 0 0 0 0 0 0 0 0 0 0 0 0 0
 0 0 0 0 0 0 0 0 0 0 0 0 0 0 0
 0 0 0 0 0 0 0 0 0 0 0 0 0 0 0
 0 0 0 0 0 0 0 0 0 0 0 0 0 0 0
 0 0 0 0 0 0 0 0 0 0 0 0 0 0 0
 0 0 0 0 0 0 0 0 0 0 0 0 0 0 0
 0 0 0 0 0 0 0 0 0 0 0 0 0 0 0
 0 0 0 0 0 0 0 0 0 0 0 0 0 0 0
 0 0 0 0 0 0 0 0 0 0 0 0 0 0 0
 0 0 0 0 0 0 0 0 0 0 0 0 0 0 0
 0 0 0 0 0 0 0 0 0 0 0 0 0 0 0
 0 0 0 0 0 0 0 0 0 0 0 0 0 0 0
 0 0 0 0 0 0 0 0 0 0 0 0 0 0 0
 532907272.4710909 971122837.3144629 793473154.3399125 598864037.5090914 413620740.8658618 267144810.5691924 151620860.8346887 79794486.5429671 36659205.60973515 15262410.38601472 5082307.936481003 1412498.815195567 270656.3018861082 34071.09194201773 953.8692105585757
 394730962.7399121 734847367.1622202 612897485.9727689 466975182.4523808 316984202.3763505 191898800.1534012 105431044.2724902 53904407.0819005 24879735.91663305 9724525.08218124 3048696.929857576 737335.1293300181 129319.6973753319 14251.60807281673 420.764100167377
 656679682.9382563 1216712156.676684 1007154597.111071 776815281.784423 550633180.5635895 343777485.0166112 184957687.6223114 90480711.06352884 39862681.5856405 15444963.85723783 4921708.940368118 1147952.105939676 185943.2259091929 17333.27835735319 401.7956354474014
 756819522.9410263 1473518622.229433 1232907090.522046 907100399.8626614 627857091.6931084 370318466.3439517 200632744.8464694 95269714.98388097 38776484.32990111 13807255.41030608 3772014.995015842 854467.7254861182 114160.6235657028 10317.13146413759 133.7360514196591
 751572964.5789669 1387294199.929974 1117619510.103585 809687201.1596243 529749140.4967574 306663744.0521314 153358512.0727744 67873156.46476606 25443405.25006415 7799344.072109816 1860443.344420455 318684.0729423845 34136.73093405606 1800.308306193428 17.48235190136771
 516681054.3889321 989665217.8944346 830732151.4114364 585640728.4566903 372462815.5682129 215431606.922168 100642581.8834773 41445019.28479016 15012013.5582755 4061751.381456284 831181.1526997413 126753.3769018876 9555.823109609011 279.9927704829045 3.523067976953971
 327609100.7034003 583279418.3809506 428303910.8020756 279568018.3746641 171975657.1204937 102113809.2302004 58427083.57380759 32836668.68752261 16831414.71423607 7428678.041322182 2699944.868114122 755940.4654942472 150708.3367315148 15541.80316645364 254.8644618204159
 1394693804.964202 2602862526.232993 2054077694.874557 1346363614.150006 759552798.6050762 360945402.7873656 129992115.1409674 33235408.14784863 5536163.920092185 565324.9872351204 276493.9694765062 222019.419168449 75765.32278151206 10765.92509782258 224.8525608901333
 223597527.5032908 429008758.3256352 417215838.626561 402096346.2616423 347724584.395373 276370717.2577793 191990848.9074484 109477006.0264544 52703308.3941713 21584290.66454018 6512572.50470467 1412134.504714238 221250.9933240862 16849.96842028321 171.6843119962759
 23392717424.09179 48573685895.71812 51099239618.27484 48976012401.74729 42049352054.99755 34577891573.98734 26263043895.43903 16984443591.15765 9585626018.547211 4558710041.766545 1619920104.969409 405198940.6269296 72068605.47625361 6089989.92440649 64713.13219497638
 7478520121.238251 16093223434.08067 16068967396.62993 12932537420.29558 9276210388.597145 6171003928.215356 3792905192.960227 2294802676.973494 1327449850.060024 625174136.6187025 219657689.3715919 55630525.47996855 9356510.771199871 700180.8746491115 5152.91004316273
 4137047546.7408 7214294243.246193 4491167658.893018 1808094572.684238 425323993.261879 125147514.3158237 299617751.8282378 394121559.6084224 297649744.5359211 153254033.7380691 54182686.56975528 11631322.35716319 1643967.687928549 90590.73554062958 487.1679132349611
 16533698865.7896 38700768575.54056 47462434043.98615 51566143113.2408 52139392852.82762 49680092548.27402 43036252299.33061 32023678709.25063 19456793934.76767 9244549717.628731 3247594670.123275 766174138.534391 112642700.4806151 7457868.999951675 55304.16363203421
 1015007261.764645 1913082141.895773 1405728755.925035 692687576.8993474 206849905.7374127 32886276.75025253 51547404.86791369 85783707.35932523 71461219.81325939 36370953.34466178 12502074.90776432 2549644.638292114 277167.4875077839 13535.86279264834 46.24690786879364
 2104498189.807945 3516005352.833129 1989382965.100399 689169019.473214 148466457.5177749 141209252.8758653 219052002.9203895 179956593.2596541 88051859.93735671 28247407.23764317 5726829.284729578 639003.2713784864 51681.07837122019 3390.520388932748 33.82430720209607
 1150373377.962532 1930535335.500099 1105768010.125208 398998097.7974911 84988802.9341027 17422702.7909789 6649438.741804413 4109171.194590596 12290249.67572714 17074948.12093376 11501128.12240188 4134479.749345265 757482.4288616388 54095.87841105698 341.0412106162976
 1220327165.835359 1984166505.817844 1041168295.419811 339042561.1839235 101523252.4142667 77618840.73115906 54787667.82458402 23452487.69905922 12931226.40032974 11439912.9668686 6803077.837316743 2138047.333093595 336768.3500592945 19184.98658243214 86.63680487341234
 799829980.8479574 1106490022.335579 341707937.1144445 52372988.93419451 53035239.32818592 62027264.47205909 46102912.17830987 32539237.72060574 16783211.43804336 4373349.341789296 481103.0148182176 249326.447896749 128207.4432899806 16494.58958317436 92.47665876755438
 1409960317.588523 2054656017.456749 768251143.2047962 137252508.1542147 47717314.78950497 52779896.8294218 23470012.08366015 7801272.940199281 9490550.393395105 14200652.82828409 12286479.38503678 5622308.646021132 1226254.992568161 89874.14305037641 458.5604558922635
 1279010121.133277 1894403863.481801 727217692.3109429 146407774.5231867 107100353.0331419 106959342.6179138 37718208.57244392 5760454.91805892 5569664.04467635 3917120.219479462 861475.2288171963 40664.51290550164 14738.53114743038 3056.139860390665 23.55875899371411
 5243010706.316097 8794448028.889402 4387963598.493772 902074062.6914154 200765816.0707475 186431609.3218291 91752222.68961681 99095038.02150688 83927616.713411 39266179.03082918 24748852.72261253 13850042.85661506 3222929.212083 227585.1240821895 803.7173431758125
 113696180.6605776 1679708883.950975 5741042352.532047 8479116313.871366 6534275854.659166 2930405644.290069 842447122.4463714 171695305.9594513 165960056.4063736 278459300.8748724 191373552.0826398 56036467.62548455 6845379.6589993 218978.0386721647 396.1647170112388
 3656977060.565282 5218624373.723975 1936745337.621156 461117072.0524067 140502229.2303678 116435759.9873843 80146552.66213191 72279493.32217051 98626119.79137513 50061646.05778224 9368504.883872261 6527007.380575344 2967996.743530445 289296.0854502263 847.112027818651
 18727205220.5753 29211432324.59637 14715926052.27272 6030808148.416821 2362798849.931274 861267931.9336779 746266245.1716549 835228312.1233102 500626433.1002995 184181572.9466704 131562342.2470473 75707854.63492735 14960419.76749974 720851.2397123073 1432.825729484645
 1192001607176.411 4339456375910.072 6154865834452.484 4328088034446.463 1910701585660.998 1062896570832.713 715358606308.8616 333830218299.0373 174338745796.359 146824612451.8609 82324904386.16347 20246072051.31034 1785386252.445879 34817373.68347167 31331.41985857618
 27889892089.10139 46409984216.50131 22381337996.79953 5503777545.249048 2615569811.530632 1672686515.587703 961582106.6335425 492268044.2842227 540753282.4678288 339846754.2387317 121073948.4644508 130723374.8295608 41428220.98048427 2355151.698332978 4146.411061687983
