# Created by Octave 4.2.2, Thu May 31 15:40:40 2018 IST <safwan@stormBreaker>
# name: f_pitch
# type: matrix
# rows: 120
# columns: 17
 0 0 0 0 0 0 0 0 0 0 0 0 0 0 0 0 0
 0 0 0 0 0 0 0 0 0 0 0 0 0 0 0 0 0
 0 0 0 0 0 0 0 0 0 0 0 0 0 0 0 0 0
 0 0 0 0 0 0 0 0 0 0 0 0 0 0 0 0 0
 0 0 0 0 0 0 0 0 0 0 0 0 0 0 0 0 0
 0 0 0 0 0 0 0 0 0 0 0 0 0 0 0 0 0
 0 0 0 0 0 0 0 0 0 0 0 0 0 0 0 0 0
 0 0 0 0 0 0 0 0 0 0 0 0 0 0 0 0 0
 0 0 0 0 0 0 0 0 0 0 0 0 0 0 0 0 0
 0 0 0 0 0 0 0 0 0 0 0 0 0 0 0 0 0
 0 0 0 0 0 0 0 0 0 0 0 0 0 0 0 0 0
 0 0 0 0 0 0 0 0 0 0 0 0 0 0 0 0 0
 0 0 0 0 0 0 0 0 0 0 0 0 0 0 0 0 0
 0 0 0 0 0 0 0 0 0 0 0 0 0 0 0 0 0
 0 0 0 0 0 0 0 0 0 0 0 0 0 0 0 0 0
 0 0 0 0 0 0 0 0 0 0 0 0 0 0 0 0 0
 0 0 0 0 0 0 0 0 0 0 0 0 0 0 0 0 0
 0 0 0 0 0 0 0 0 0 0 0 0 0 0 0 0 0
 0 0 0 0 0 0 0 0 0 0 0 0 0 0 0 0 0
 0 0 0 0 0 0 0 0 0 0 0 0 0 0 0 0 0
 40098632.24490708 81868217.77464947 77701677.60957502 69993148.26805019 59723002.68371987 47306863.27353057 35417015.66461787 23998503.28478049 15737036.92747206 8944236.789871648 4931440.514368366 2218334.745758873 960772.3152230426 318901.9056728547 93299.09205379453 16600.06544518436 1929.055822179474
 451643795.2573112 912868361.6211745 906733957.3688024 854364912.7551599 750550353.1909336 595311193.1315675 421631152.1791204 270812525.0934785 162308279.5637771 90908914.80725449 45387983.59477586 19226219.67823869 6845862.787498519 2015622.741181511 481926.8676235819 83056.07790246347 7495.096114304448
 294828467.0077521 602813835.6490872 594326922.1828953 527292657.2979702 429720880.5986311 327709803.8019817 231938053.952534 148074172.1004283 83673331.54383309 41770851.00601163 18609504.74676301 7413002.828768878 2560472.573008096 710553.0967711658 145426.701230651 19496.89620444505 1313.370575783525
 87810794.570979 194606625.6701486 203338200.7923882 192655578.8810014 168595640.8402717 130470641.9090331 94179426.60083793 59796129.20051093 35593790.22529323 18098900.89751247 8553784.985811299 3310156.298361566 1118692.650424952 307619.3301225168 63753.37131173893 9049.178491750374 617.3278642757788
 46589315.14881013 98452263.71160504 102863635.1279233 95692649.01350322 80534149.93903895 60305736.62730509 39761053.66987597 23733060.01902597 12470463.51284465 5674391.110366525 2184997.652656418 690031.01212978 172792.5476950383 32047.00924117923 4124.100368159245 399.2309782250227 46.03494227021751
 190070396.3457247 384071148.2064058 364894611.3481725 318414463.2173593 248230271.9182703 162841334.4332659 97536686.35913146 50899545.88164178 22242140.07340207 9199107.454458108 3270964.519879414 1121087.574131356 404254.7788362633 138704.2856025032 43385.56722787229 8159.815153867127 839.9573738962637
 486344653.2426885 1021031090.543629 1029524741.981537 867156989.84817 615103104.7540929 374528027.7820686 193875424.5651818 86331473.19722357 33525653.0812494 14523472.76123885 8921100.665571909 6035600.67436649 3410365.304745813 1490070.761712769 479558.8830557545 96008.46420616431 8131.55449190958
 1442121639.41818 3056806215.848166 3101405994.217553 2582930382.163338 1774747974.133632 1032052278.700365 486338306.8571715 162292628.291003 31753202.80775891 4372043.42043408 6828184.640369665 8806789.605153035 6195158.770006458 2887718.543925534 913694.4106127705 167831.8410118874 11733.15811138005
 6743932944.399132 13988099984.65937 13172908003.59106 9941932486.906572 6253495640.334738 3118266393.251449 1128147780.439342 376711273.783466 293824474.2301517 345491855.0562072 306315446.8896869 198752181.9482475 97660419.27100852 33703292.59431374 7746696.001751581 1145863.713686782 71926.75643191879
 45939871715.88412 108107492590.0636 129628888036.326 127986358460.5586 101522004468.013 62270947454.01605 31599409561.49543 15603102600.5161 9880115836.777685 8963073915.358492 7370131005.843321 4707410303.082474 2368939062.670064 842133731.9873216 198860154.5029556 29627712.1406136 1926926.210536788
 11775219436.31852 26780642772.03861 29946248775.26582 25786177955.34642 16280123517.79192 7081190673.039979 1839795436.576404 305654872.7862614 494209566.9494945 806421931.5749161 700264985.1122261 404890402.540772 168977810.6283993 47987888.62037268 9300362.772480588 1248019.319568096 74623.8516171786
 10629836310.12461 22119079040.04369 19674472618.73272 12404112040.64316 5441786091.759502 1307839552.354764 359298747.684786 914399799.874667 1275668496.795896 1060665832.650252 589087232.8161662 211279870.2919139 54644653.42369866 7910969.788442913 499810.5188593747 9403.236394914078 2547.027076165784
 43623808139.68153 112189920277.682 149257151135.2472 155212114440.3003 129963394647.6154 89027939659.56465 50510421313.28571 24151826374.63516 9917142323.415497 3602398856.880466 1210297326.598377 406584804.0780056 149912391.3871801 54198739.41736685 15326570.07839458 2650213.063243994 179518.3118492191
 12327667768.65528 23131677303.90622 17391926016.41143 8640234665.060228 2213339232.438592 494650794.1260179 1045225052.954698 1233565802.109913 695745644.8404264 184180933.2905128 33713895.60658672 67104003.15418459 70673147.74540688 35446619.0324706 9938477.97771924 1431782.439783326 62666.48918999773
 4503875156.094126 8134851563.983093 5381000662.98263 2149722726.857815 617911869.3557339 729733380.927238 1000419598.015874 692907196.9862076 260417594.5620583 142360952.9623306 205588517.9138768 208925543.0281853 125366863.5859564 44270525.96021973 9201209.224042878 1045121.806591927 35540.7773824691
 1097463048.433004 2400113771.834068 2269075966.408012 1391766948.942149 517754655.2777843 111841737.0844427 47062384.55897757 41931456.55132196 15691825.18300669 9387310.387381077 23325711.92084131 27465276.79800243 17350589.77294836 6483822.397127231 1424421.587430516 164821.7851070821 6542.637595604545
 175148137.3127783 376703614.2737418 338461023.2219071 182219648.2973135 53533771.40889774 21158499.00835358 25184538.4577494 15818895.38108056 6408518.027429176 11065547.43502226 17118519.56809706 13742174.29040072 6257746.498539224 1618085.063652722 230034.0450565885 16236.05837116917 411.2674818154129
 212227663.618932 399346496.7633116 267761172.3335062 94930188.85212645 54303417.67280571 100110586.1882013 95953073.35133311 42377012.57948494 11864573.16020829 16885350.48202352 20872369.42169106 13123587.25390563 4813772.249619186 1254530.742382008 270006.3489194632 40577.41894569084 2282.123366460122
 643871300.5305126 1541912746.123794 1591102293.720055 993892230.5714763 355804166.5670629 86479516.66049764 70373473.25683816 56138125.58506221 19363234.85982829 4039614.142481518 8209687.27986477 14531186.64808434 13673136.63231957 7190153.942719718 2060545.018699082 285086.6940413366 10822.50297626581
 968732895.6443999 2210858590.759565 1951065323.909573 812801471.5709734 145939730.009915 122632862.6777963 105581686.0994614 28959325.98659104 11484344.2788873 11370833.52729478 18616841.54581535 35366435.65474782 32135256.39636698 14399887.87060016 3107517.212333945 282270.8578587633 8083.808675852133
 2066284116.9377 5293859167.119062 5373936063.086645 2737052896.317531 621546376.4332893 102776133.5826712 118513696.7148 52073962.11086063 6540776.565947798 15029091.27778008 46109610.00018094 59015411.42537697 36152583.72536835 10359030.41100316 1109704.810495243 27632.40113657606 396.3709923975203
 1752352547.340364 6546375212.61063 11784846164.86793 13433917662.1626 9982349140.968401 4739546209.498509 1444997164.186088 270172269.5180954 53720203.10185955 75505586.99132495 87268668.88416353 66999695.34164406 43805092.77998849 22621175.07780997 6658442.461474095 889595.8665835471 29982.47692879793
 7969127755.484136 13468094966.65988 6508716385.822832 1226157146.232599 500856559.3101174 329183740.3178186 45091085.19449128 11958347.03985555 33690618.31406208 32243875.14879876 63548368.79394171 108781474.0615786 67957817.62711914 13288021.09381951 1228366.774592614 560410.4230542821 51023.65611748905
