# Created by Octave 4.2.2, Thu May 31 13:26:26 2018 IST <safwan@stormBreaker>
# name: f_pitch
# type: matrix
# rows: 120
# columns: 15
 0 0 0 0 0 0 0 0 0 0 0 0 0 0 0
 0 0 0 0 0 0 0 0 0 0 0 0 0 0 0
 0 0 0 0 0 0 0 0 0 0 0 0 0 0 0
 0 0 0 0 0 0 0 0 0 0 0 0 0 0 0
 0 0 0 0 0 0 0 0 0 0 0 0 0 0 0
 0 0 0 0 0 0 0 0 0 0 0 0 0 0 0
 0 0 0 0 0 0 0 0 0 0 0 0 0 0 0
 0 0 0 0 0 0 0 0 0 0 0 0 0 0 0
 0 0 0 0 0 0 0 0 0 0 0 0 0 0 0
 0 0 0 0 0 0 0 0 0 0 0 0 0 0 0
 0 0 0 0 0 0 0 0 0 0 0 0 0 0 0
 0 0 0 0 0 0 0 0 0 0 0 0 0 0 0
 0 0 0 0 0 0 0 0 0 0 0 0 0 0 0
 0 0 0 0 0 0 0 0 0 0 0 0 0 0 0
 0 0 0 0 0 0 0 0 0 0 0 0 0 0 0
 0 0 0 0 0 0 0 0 0 0 0 0 0 0 0
 0 0 0 0 0 0 0 0 0 0 0 0 0 0 0
 0 0 0 0 0 0 0 0 0 0 0 0 0 0 0
 0 0 0 0 0 0 0 0 0 0 0 0 0 0 0
 0 0 0 0 0 0 0 0 0 0 0 0 0 0 0
 941307560.8878632 1805210386.296461 1503977334.659516 1136331068.332104 812190618.3626941 521804126.6362849 311357940.9588054 162470957.9132606 80360154.3983891 33020228.6074578 12368140.06427804 3444115.88982785 819667.622347729 109276.7249052861 8743.446407862541
 2960930788.379453 5711786340.730063 5083808722.888666 4074155135.000885 2915640653.60119 1884005735.406758 1116494526.167026 619277705.4022722 306355640.8818499 128116412.6838935 44050602.09925881 12217192.12620727 2630557.162967676 378621.3348045993 25651.50447360025
 172583429.0981915 306521174.6536047 231492527.0958755 165114290.6142573 112352506.0547947 73246915.52150427 45502289.77832234 26403339.53854345 13897400.59283949 6446927.843701812 2528163.512694646 784715.7579889869 187791.1162120746 28886.40581878529 2143.086489302886
 1584221119.43298 3126689560.857035 2743988313.289832 2129418933.506311 1544859223.464821 971204708.9972165 552544343.4311726 283942476.8749291 122702371.2663822 48313001.81857482 14470363.00067203 3764508.657474323 617091.4970549622 72411.85892033725 2777.18754342383
 1523877990.382125 2879810984.850103 2440036151.905906 1864873341.479474 1295289030.140335 802604884.3954635 434690175.8222218 211534666.4638258 89356357.37910269 32008053.4773499 9381800.34869663 2111325.392165928 343779.6450778588 33259.30974893937 1229.744670150111
 2337452874.591404 4654330803.60628 4139787631.509163 3150457232.557689 2255145693.890774 1411988913.488221 730557370.3180443 354981381.576952 144669842.7797991 46487546.1439746 12951628.52709964 2631299.153197677 339238.8104277395 27812.38101648465 708.480621885638
 1213262489.829359 2124306116.462212 1504975107.359289 938174748.2453767 503426442.4280749 212561274.5476305 65387460.03544865 13401040.78171262 1486760.689818513 475686.6941495365 703430.4963695991 451411.9344804564 155011.1538765132 28123.3328200825 1700.006145876344
 2171435343.196074 3962679986.276655 2974869498.909825 1823667652.062278 929586233.8725319 386247366.8685086 116867409.0843978 23073573.11300623 5089260.851190546 4501591.426710289 3580514.65742497 1669656.435159069 483551.0699067943 75791.2764258994 3805.817391396815
 2441256891.275271 4309600049.433846 2996492524.619404 1687759328.019063 736280461.5727396 199621915.9629172 26699611.97677194 20073880.07853077 36804900.38711989 33591865.0451029 18551822.53774193 6976371.196374265 1744813.872296356 215740.2656347303 8123.760125642313
 573860685.73693 1008295545.936605 702555408.3522917 413216024.7716032 225586283.7030021 134215253.1992016 94588748.16767129 69835750.638072 45533936.14819063 23637054.1021472 9188814.199858196 2570813.836827124 510856.5792157355 56038.5721744037 1748.169470817846
 1139868699.045781 2043506257.988527 1487131537.38816 865684226.4085546 371761063.2024996 103705051.8067672 15333425.29220182 5544111.795477488 9817168.506168632 8818078.62716639 4565953.921767625 1507513.614564719 323946.7220053028 37713.66174794661 1159.824220323847
 6735414328.037731 12063207951.82568 8068818352.332054 3580063613.21956 924253444.7179282 163501821.3628328 327745681.4357796 525896190.0782279 447771252.8847026 248751203.2412816 97168573.8752185 23242407.79810031 3779584.233797066 293368.9872014449 5338.995671608727
 56325424824.24821 141301021169.6505 175268310221.0681 160826670744.7608 113147581322.3428 63968853792.57018 34810954455.32571 24529689500.35727 19257738790.1892 12562985786.75997 5940100519.39194 1902682082.693723 379202889.6382156 38403894.08136019 993948.6695870722
 16641315395.07464 30746799541.54649 22822261007.25056 11959595227.46417 3737464825.496342 742826215.9430199 890770204.7175013 1312100343.309922 1087106524.384436 567785796.8714324 183927313.9431535 38329544.65249486 4819118.412743422 230208.5037714117 2489.011923618485
 5764073684.170591 9543292026.759119 5162270074.702005 1577216442.834184 250891681.2617033 257482837.5110688 386939801.554939 255012345.5070486 77212186.97897287 9183562.142809371 3069611.307013609 3414369.764778821 1337546.093994254 198059.1161179022 5057.565901260732
 1194270449.502608 2059813859.757118 1289463009.924122 564284573.5042719 177852273.1830663 47458381.85518287 14452178.40566058 16742653.14670397 31523039.83868653 34480825.08137664 21623916.30238625 7856851.598664368 1597261.043122544 147971.5203631836 2988.264026205736
 7773305442.051916 14237415163.54608 9539065250.038282 3681723067.92881 676395350.1094817 357248487.3855541 539510986.8078349 320039598.0577639 71343639.76415019 14126844.04664835 21272818.59764658 13597214.47136818 3621813.467601554 371947.0950457984 7021.694364959571
 3268266796.341679 8026583590.694547 8459250263.733879 5019412575.418118 1529275078.923144 470918428.4090719 521155502.1391144 326409405.6749496 70214208.90800723 30746760.48173638 45881004.12949444 25012365.81095633 5506775.07494696 472663.2513958237 6160.490514556662
 18342998981.67425 51243002215.66621 73096062805.50749 79852293631.01967 72449789483.46198 53866412662.69855 32245063417.31802 14655703839.03348 4010916758.734324 632733651.8255981 262288724.1143401 227820159.2507096 81074997.64385 10460283.89996138 231274.9399413326
 28091297378.97238 53079007511.58579 35959207261.56319 13291381317.2039 4387632652.600289 4105162677.44685 2877139826.638927 1183466387.835972 613377327.1659044 384344557.4426957 137627781.9748054 27739391.48293903 5635595.591790106 837191.1434001096 21209.6342406483
 814608592.2140638 1916214243.120314 2255378753.885252 1976146838.258965 1098601424.804512 318209282.6974881 133865463.3674332 166812424.9144978 100793568.57569 44170537.72055396 31805129.71353025 17587620.33252852 4460775.879792475 378735.247923672 5973.85199815279
 14208965830.50395 87272307354.51363 226986152285.4753 331839442365.1806 323643619687.0784 254957974796.6575 203945956424.1082 170058774037.1531 131245046166.9326 98382672470.42215 63729122706.09976 26437457577.68802 5678263615.81469 495086397.5196146 6588283.12169909
 15855846022.81422 23863728959.27189 23793893513.32973 52547345598.5625 76213240491.24768 61488860016.93082 27800062045.2613 6629693571.279528 4485918428.445719 8361310553.772898 7229852957.282331 3010142297.918697 562498354.9962548 40633376.56368595 402560.9227616385
 41500107643.12312 55058234088.08646 20786897040.38997 21233918047.15915 23189490433.38503 13757887034.6439 7187883971.631208 3378239897.533669 1275843950.437483 1128028282.284552 929144714.4855156 376142792.0185189 66884173.12115174 3831966.428231293 30181.58100566408
 191265067944.5271 411406931796.663 286404404529.4319 69007427576.20258 5916996337.50038 4869554888.374466 2645360976.25809 2683722179.289667 5912657825.142632 5222807514.776718 1345032882.39192 740583505.7150087 513743266.3747203 73288919.87951845 1052619.274326215
 15485901599.80222 58514959766.71825 102697117171.2544 73409376966.85361 26636491919.46506 16879357447.53347 6421924759.439826 3366092089.125427 2727794615.576894 2961810386.312721 1825454770.284826 1333889949.910935 770685071.8641016 101154649.6639673 1271348.431028627
