# Created by Octave 4.2.2, Thu May 31 02:23:44 2018 IST <safwan@stormBreaker>
# name: f_pitch
# type: matrix
# rows: 120
# columns: 23
 0 0 0 0 0 0 0 0 0 0 0 0 0 0 0 0 0 0 0 0 0 0 0
 0 0 0 0 0 0 0 0 0 0 0 0 0 0 0 0 0 0 0 0 0 0 0
 0 0 0 0 0 0 0 0 0 0 0 0 0 0 0 0 0 0 0 0 0 0 0
 0 0 0 0 0 0 0 0 0 0 0 0 0 0 0 0 0 0 0 0 0 0 0
 0 0 0 0 0 0 0 0 0 0 0 0 0 0 0 0 0 0 0 0 0 0 0
 0 0 0 0 0 0 0 0 0 0 0 0 0 0 0 0 0 0 0 0 0 0 0
 0 0 0 0 0 0 0 0 0 0 0 0 0 0 0 0 0 0 0 0 0 0 0
 0 0 0 0 0 0 0 0 0 0 0 0 0 0 0 0 0 0 0 0 0 0 0
 0 0 0 0 0 0 0 0 0 0 0 0 0 0 0 0 0 0 0 0 0 0 0
 0 0 0 0 0 0 0 0 0 0 0 0 0 0 0 0 0 0 0 0 0 0 0
 0 0 0 0 0 0 0 0 0 0 0 0 0 0 0 0 0 0 0 0 0 0 0
 0 0 0 0 0 0 0 0 0 0 0 0 0 0 0 0 0 0 0 0 0 0 0
 0 0 0 0 0 0 0 0 0 0 0 0 0 0 0 0 0 0 0 0 0 0 0
 0 0 0 0 0 0 0 0 0 0 0 0 0 0 0 0 0 0 0 0 0 0 0
 0 0 0 0 0 0 0 0 0 0 0 0 0 0 0 0 0 0 0 0 0 0 0
 0 0 0 0 0 0 0 0 0 0 0 0 0 0 0 0 0 0 0 0 0 0 0
 0 0 0 0 0 0 0 0 0 0 0 0 0 0 0 0 0 0 0 0 0 0 0
 0 0 0 0 0 0 0 0 0 0 0 0 0 0 0 0 0 0 0 0 0 0 0
 0 0 0 0 0 0 0 0 0 0 0 0 0 0 0 0 0 0 0 0 0 0 0
 0 0 0 0 0 0 0 0 0 0 0 0 0 0 0 0 0 0 0 0 0 0 0
 583.7622835500371 1631.214517679953 2378.156893386136 3274.232129953279 4046.233874752914 4695.942671076806 4989.168095122744 5004.590498626907 4718.073972703697 4139.60654169333 3456.106921406958 2603.810710451266 1902.553849640057 1239.128179127613 785.2002035172742 426.4819966659161 222.9032718796776 98.03628986484394 40.87203888557767 13.12682156567898 3.703367171757936 0.6347780268696152 0.07036271562786987
 38.97166198674433 85.23719432056602 168.2523641735346 404.234076646076 787.6758981262293 1244.743212016856 1700.937319382166 2127.403392730509 2470.681650478802 2614.242374855276 2482.065156034414 2118.130029732481 1654.582989894339 1211.377130667481 827.9688045359736 508.4662059886843 271.5511167350497 125.7868252004958 50.23229973692872 17.26893267569627 4.750319322397679 0.8672464936338655 0.08704092117521163
 538.5012579029167 701.4986148631314 202.8854738027322 558.706792875277 2284.43295391054 5373.598853621022 9549.704410311808 14370.80205636988 18802.04449794509 21557.04115498405 21476.01504545747 19199.50396537689 16066.0517571362 12364.0654657382 8563.882101665084 5142.792047155746 2650.395104232961 1240.121207786722 511.8323213996101 176.6684991577651 45.74528370381316 7.318063771187272 0.6265142316435061
 34.44127586449419 210.3728107775369 665.2423998696607 1348.372094177253 2018.17108382693 2377.795238053103 2353.66800624332 2061.266624765488 1626.068994199601 1366.656263975368 1301.716527524401 1430.205460706935 1575.895379721659 1593.768212185095 1434.810968409329 1098.05378017026 735.2731063287844 403.0665912416195 197.7008957704162 72.19247560058027 22.2110973084266 3.846481189498908 0.3962977757119602
 295.7172388914295 987.3278037120233 2040.69645884111 3523.449701416325 5199.201062120648 6633.085070948432 7547.756497774766 7920.329098788799 7798.391284409443 7368.293555729424 6761.708660754597 6038.294396503141 5195.591407480058 4208.179675042485 3132.894801211137 2096.834135279256 1235.792762760699 628.0656237446992 269.1452823453933 94.17157047384451 25.0347176363051 4.258332789489608 0.3587902023319172
 57.07661981723127 343.8761344019981 981.6124385212279 1954.964166946859 3117.500673420366 4292.382688805201 5956.30108456042 8110.03320585548 11399.88509479249 15149.12757111718 18103.69724533092 20134.27045073047 19195.33867607752 16289.95153911405 12704.40662002587 8210.837089515097 4598.231030983236 2290.506553657514 884.1353477480219 284.8447071088857 71.99294421219338 10.15130431770881 0.7676360809391478
 32.53232003492402 80.6843595909468 137.0409265685128 308.608845180574 711.5020981692535 1391.526465574451 2434.860131884573 3897.481166688748 5356.640510168902 6479.923260168263 7210.533762815503 7424.47296272536 6786.453150420884 5427.021870281091 4029.073787355291 2713.203901557784 1531.498347114677 720.5128716288908 291.247806176936 98.7777090193341 24.17655510441278 3.594917561034636 0.2489341625992793
 145.5769540051338 448.2212503922352 965.7383099303855 1820.645578449836 2585.4186680166 2697.925683092485 2227.783934619503 1566.064974735846 1258.496126309961 1943.571738195204 3340.760644478049 4845.156937480538 5942.742169773647 5896.765869081193 4723.19578760229 3211.833139332459 1874.090471470784 879.7207206422617 320.6566900826517 92.12638436107993 20.00380077535725 2.563761863207649 0.1324805619820943
 313.9593374604981 656.9988303819526 769.1017160738891 995.5448682527672 1309.74986569319 1723.530684367304 2157.396007612326 2970.164706133622 4775.526780910995 7767.557716167226 12017.96000520643 16127.73371553732 17865.59350573215 17313.50479811364 14610.76909343844 9943.886055122543 5561.441099514632 2677.846249027306 1029.718451388021 285.7239997961454 58.34802139937899 7.462751685096617 0.3904901549954176
 399.5469624694377 931.7505453857731 1249.451099503428 1712.354713098546 2499.691251322545 3490.983327901733 4140.42011688997 4121.827094398069 3411.725593330671 2154.593923969247 854.6995446930816 180.3058968055877 334.5639174468519 976.5259409951066 1539.914022523134 1638.98343419458 1327.719490858442 838.473019586608 395.2572537686013 135.7105322964926 33.40160163727503 5.204179642729049 0.3217538310274011
 1444.899035185459 4196.744654967663 6935.721256842327 9415.892337767214 11025.27535849906 11132.60817492216 9738.672017603301 7739.036238104773 6379.777581633902 7202.244263617664 10802.86041533277 16053.82666538887 20480.74194267428 22143.00144909247 20553.41151339161 15957.42257430565 9996.437293635994 4992.507745088329 1963.370945637278 604.8470618038926 132.9805771470433 16.8390426946862 0.8222701703204963
 95.80471183505369 299.3791825577431 544.6251856822267 872.7254193281688 1400.203216881013 2309.438342407684 3451.94421834563 4634.050738003512 5994.917477461488 7176.250344644869 8272.439780609255 8905.861990304569 8476.111947900919 7439.972074890463 5742.35771847051 3825.976747278956 2333.172579081644 1228.136415537709 520.6900744726528 179.5782409859722 44.78401485777926 6.044432482576277 0.3630028240546568
 7.116603765429301 77.67493657251597 511.4953325871307 1527.058557186895 2631.138935573803 2809.397608979315 1755.278378988786 652.3547295644008 1263.255583333453 4293.598717022479 8429.929516797522 11415.78889823547 11821.76556537746 9747.512181766177 6502.742545168437 3422.420693771048 1353.666136261546 406.185253598604 89.2355249584084 16.75844949745627 3.897204751030646 0.843502516463282 0.07220114780506939
 177.9375176610277 424.6014216964975 694.5157137420784 1401.424247530987 2262.607956016611 2084.840277022894 879.3608052616181 1551.401865500923 7200.655135485896 16666.41098126608 23250.99347251058 19997.03886575165 9879.92367419459 2605.645275629903 3332.364251197957 8707.117546272215 11948.09126256944 9961.759417550973 5382.236712405113 2022.253799326583 466.9230041992452 55.84929115188999 2.733483456425988
 222.1359032613967 271.8815699122566 273.5114387567039 1668.299630113707 4869.269757705505 7650.935308768832 7665.547927251368 5469.332488779131 4620.962233727601 8453.09798205992 15500.12493062588 22068.20184740958 24708.31716735708 22432.22525952898 18386.58317935257 13688.08575317793 8901.179201738223 5235.720766497562 2436.246630192327 814.723948065833 190.6171907135317 23.0041581367858 1.013151768322955
 20.31977003876284 77.11889672514376 339.8311844165227 1269.677633750356 2831.436916250067 3687.887330533047 2630.591495416941 923.971472844101 1226.218612201621 3752.873621478921 5530.042967190205 4883.46479518566 3477.243724889843 3011.165850282609 3185.566942800418 2961.786741125852 2271.848694589495 1543.396231649833 890.0625336417148 383.1232591736254 106.1897584564435 15.67175625062559 0.7849891077340867
