,0,1,2,3,4,5,6,7,8,9,10,11,12
0,0.01832032358553461,0.03051590343905347,0.005760304663023298,0.025764046421296365,0.07273371379323273,0.013815416002183173,0.07921561492094835,0.009852049338206154,0.42853846666614337,0.009937086584873774,0.007229649753726961,0.2983174248317779,6.0
1,0.007809019781448336,0.002893037046130832,0.004363734386192787,0.016675546869466644,0.2559244063340116,0.007782558053291146,0.01860115680584799,0.02383925372881071,0.29661036606458435,0.01686765209445706,0.004622989835649509,0.3440102790001091,6.0
2,0.00863602983102635,0.004372637395988904,0.0055643206778864165,0.02524147207646973,0.2842332832606751,0.0144990279495215,0.08958062345608828,0.0502283955557105,0.31587338758241296,0.010152213101558512,0.0036567970902272907,0.18796181202243437,6.0
3,0.028428073925334134,0.005741475805805314,0.017418982062185753,0.17249191927713478,0.253506594383567,0.0143180803267996,0.06716127860850163,0.015952794908802404,0.20017482356767233,0.0047814795053230325,0.00838914064702746,0.21163535698184663,6.0
4,0.013524990845762093,0.003087366896809869,0.007904453774570391,0.04754961773951698,0.4783272843027095,0.04402059004828586,0.06047985278838535,0.015731815124572557,0.10801108185812863,0.0069357240604911025,0.008503066438569757,0.20592415612219783,6.0
5,0.00535011929488904,0.0035488627064427804,0.006362883655931381,0.026863726780028456,0.2884094400126688,0.030160022455604684,0.07820564551359217,0.02533785103244748,0.2723278617114533,0.0025960781667769663,0.004160507549530431,0.2566770011206344,6.0
6,0.01515610147505755,0.0024163599503642923,0.0059991947597101275,0.008455175324872912,0.175680022617647,0.003452406197816835,0.04414007873051792,0.041670309044852895,0.14978865330520608,0.04055856729263463,0.021039306691535208,0.4916438246097846,6.0
7,0.006198296356160164,0.005104585817224651,0.003709343509595772,0.017289578030849732,0.2631038032490113,0.025629873685870056,0.06448099328917033,0.02215699047853315,0.2837073761550366,0.004264876970802445,0.004036478759807011,0.3003178036979387,6.0
8,0.0064282823153430846,0.004855806840622234,0.006758642308486841,0.01948053446371935,0.3690371289627335,0.015777709147511303,0.0375366976254106,0.018894788815884987,0.2608994929268865,0.004630292952224292,0.006685118302508825,0.24901550533866842,6.0
9,0.012533480636500702,0.005176171866969995,0.011439355665983331,0.022768514446078553,0.36638988242089543,0.032280931330263316,0.051791184349638156,0.016169860507978303,0.20183061253452744,0.0073279701612954905,0.007952520647857593,0.26433951543201173,6.0
10,0.011196609308950544,0.007543523992206851,0.011119958526617511,0.03255979240112324,0.20283123057571986,0.009169842622225866,0.11499193988420499,0.012207961971101706,0.23582519196978446,0.01333122984033257,0.007722522790483005,0.34150019611724947,6.0
11,0.01096893870916959,0.0027844561402474177,0.026172466165333114,0.030383513539394374,0.4009482454531369,0.045258738461589995,0.024453165874144277,0.008094963549912855,0.19643488798412592,0.005061962527327579,0.008115566806888155,0.24132309478872985,6.0
12,0.004210493587990916,0.004933210352904295,0.012650057789833765,0.02643652955155589,0.20744106987960748,0.007139161469072943,0.046764120625704134,0.008384322037583,0.010473693888952937,0.019853746097694046,0.007746470725610909,0.6439671239934898,6.0
13,0.008365106273591265,0.005660145327575269,0.011411697709047992,0.02005990996614251,0.3419930023225063,0.03432328360524724,0.06240465743292145,0.029168179967820163,0.2282184857458811,0.005332451270805617,0.004313215176458214,0.24874986520200296,6.0
14,0.0061310735821196735,0.0023990032496963905,0.010630877463338479,0.022199763594555437,0.21937875857270284,0.0241274189018072,0.055555163393633554,0.016965719930297683,0.3426394134341664,0.011925937722003564,0.005365109549456167,0.2826817606062226,6.0
15,0.004769403543060047,0.005397732596630999,0.009601237214807766,0.013062095350377357,0.6184883239169403,0.01499790432077256,0.015572652155795263,0.0065597580864800815,0.01008840111268118,0.013554420235828377,0.015391217579800496,0.27251685388682567,6.0
16,0.01859760545011647,0.0028014677690931396,0.007639357391026759,0.022587823951715373,0.29243852585235924,0.0602762883005917,0.02502378579865812,0.010300674229358948,0.2542297704008096,0.003580095167560255,0.007672162261576604,0.29485244342713357,6.0
17,0.015630857114332364,0.007731808793518306,0.00922835638257958,0.03851204505643033,0.3764881900107293,0.033696724261226156,0.02571817055744186,0.010431126751957058,0.1724986876320435,0.011426466291542505,0.022858837137830244,0.27577873001036873,6.0
18,0.008235097984530274,0.01167599587156343,0.014439882853278045,0.05116179410251466,0.27821379008836344,0.33382936290168397,0.031141383826533656,0.007219228958228501,0.10136785520905553,0.011492821791247963,0.03019647147715076,0.12102631493584975,6.0
19,0.018955147755825366,0.008717906317328867,0.012009931115584216,0.018275109275772538,0.16462650698271905,0.012911888707157433,0.052668587087090345,0.07283685103015167,0.3622232921805673,0.05238654248297699,0.016575680152552695,0.20781255691227343,6.0
20,0.034207082657433954,0.005737846471723165,0.022885399883437744,0.026098277336413428,0.31581656615337345,0.019497896899177095,0.03706675563738586,0.034107993221132775,0.40341959003906863,0.01499908671310073,0.02316454845912731,0.06299895652862585,6.0
21,0.004070365264561843,0.0038389207883786397,0.007944667179446701,0.009518116717230869,0.3731989046408948,0.005747394652363279,0.0350894243534911,0.005066078044232922,0.013527680674258608,0.01725086703831532,0.008187484662416191,0.5165600959844096,6.0
22,0.016953113163467474,0.01037784294232654,0.004694927601446825,0.07430975221643535,0.4017936815745648,0.01265561140681761,0.01952740858351491,0.013322279559259098,0.17702001103484283,0.004341530122394328,0.005486480760597504,0.2595173610343328,6.0
23,0.008433329327476043,0.006111954443986644,0.014442572801065074,0.011781299417827941,0.20829543009745022,0.016949465859144905,0.04612487245792206,0.018661204038837684,0.29964589621467763,0.007721830970446955,0.005235724981097678,0.3565964193900671,6.0
24,0.005594047369526243,0.003511656210303479,0.003550662469798686,0.007691983899162584,0.28213126339425837,0.024936609161584543,0.04784877701454066,0.018318024368504708,0.3288128221678779,0.005502183580028918,0.0013881746565407983,0.27071379570787324,6.0
25,0.012029241174252562,0.002764086030044624,0.01181521678330168,0.02617370524107999,0.16828535097388794,0.004741636402038978,0.019515495314482843,0.021710481012268898,0.31035687767716325,0.022103981950049294,0.004362884613843636,0.3961410428275863,6.0
26,0.008918458397124988,0.026832646164432237,0.022808099632821693,0.06303926739700576,0.40790882259344474,0.024024539271744253,0.024249920601188864,0.005810896680949762,0.15185872587391347,0.009592988392164438,0.007872433354588983,0.24708320164062075,6.0
27,0.0073314907792171365,0.0022567766062566923,0.0016794253183593903,0.02244661233767279,0.5899132366215891,0.048617959849285894,0.023892841917559724,0.0037879502905463483,0.11057279254248423,0.0028015601450708865,0.007157703394140198,0.17954165019781781,6.0
28,0.011000885512522254,0.00714133334128747,0.004553426616487403,0.01017236131761115,0.6196726447880433,0.01218599185133744,0.01804415346992692,0.006266503613688756,0.0041325211476217595,0.0019814280553699264,0.013375585354679137,0.29147316493142444,6.0
29,0.023840776286816103,0.021697008111939416,0.015207572698187372,0.12660645247819655,0.3285202154115726,0.031250657311631506,0.03537230620650591,0.01625746030119236,0.09296495409315189,0.017027951804338488,0.07562907069568992,0.21562557460077794,6.0
30,0.01662123513709842,0.007577500920126903,0.005087781255668901,0.048624103299777344,0.3390812189700972,0.06723028728470494,0.1103909015760067,0.005435865170323412,0.10572154167316797,0.005381414138355677,0.008470148973224753,0.2803780016014478,6.0
31,0.0071869610031496285,0.006603502362734855,0.022709146823351435,0.195023793921351,0.10174524754402925,0.05988082252839278,0.0791546817164728,0.010854577758884034,0.05118969555181292,0.02150552614969945,0.11049939873414168,0.33364664590598003,6.0
32,0.010969136304590484,0.018061986273515854,0.030264365420537512,0.037019008195846165,0.26053947166620167,0.034461913298928996,0.05077625744380569,0.013155227205581897,0.04205920380127107,0.021727768907452382,0.018375789662341085,0.4625898718199271,6.0
33,0.010713357844326279,0.01327710039524893,0.012236399925309692,0.08909703128276406,0.3247162292539252,0.016168799069300487,0.02109449439909333,0.011267338674877043,0.19106776337520034,0.0055450723476658925,0.010354906952485041,0.29446150647980374,6.0
34,0.004948548780630745,0.004292683648272977,0.010435850273485953,0.015980462908866424,0.5231847549366662,0.012650962861838455,0.023541994488466104,0.01580347997397547,0.20784641043257235,0.0031961878013547725,0.0023852451505069323,0.1757334187433638,6.0
35,0.0115948690784135,0.0026940439234661175,0.0048887269920522315,0.0051343681062034395,0.14183518832290354,0.00556688394743129,0.018396145536770405,0.05582752570668882,0.45475727339300914,0.0355326962945878,0.006764424313402768,0.25700785438507096,6.0
36,0.010782375814239643,0.00418548648525139,0.005995929533491131,0.026910610685744088,0.5365264586524026,0.036898241104097965,0.06533344320851306,0.005675984987021738,0.12149894696148539,0.005285673980346052,0.006947622191428882,0.17395922639597805,6.0
37,0.005737988549380423,0.001431121078390566,0.005505772285612494,0.01543574723180839,0.24623168337765372,0.02062653278189345,0.05009165865467775,0.01957445337006502,0.40674446118754487,0.009325124263630722,0.0026769204648265546,0.21661853675451606,6.0
38,0.006545505958567415,0.0032073273196903808,0.0035983783220011347,0.01967423302053993,0.2399265529035979,0.01233230261759241,0.025344257407315756,0.01890826429136941,0.358926538862641,0.006122173201290091,0.005112503152649756,0.3003019629427447,6.0
39,0.013094420122930132,0.0037975522856813987,0.012026629458892331,0.027132588132140364,0.36556444201950417,0.017193605585597297,0.057594599134708865,0.00723972029600264,0.15736514118584805,0.004412133282802153,0.013242134146781916,0.3213370343491108,6.0
40,0.00963960193868499,0.005877510688737643,0.01142981311605246,0.04656072442101429,0.3506961119495583,0.01594579446154776,0.01919684749202492,0.006048967102752432,0.011712630966217108,0.013051757956776102,0.01460491897122635,0.49523532093540773,6.0
41,0.00962617397736146,0.004964541817446812,0.01038176574029195,0.054640544820923065,0.5059196384313875,0.06531282338098422,0.05131916734146306,0.02068455652111897,0.14475143918558836,0.007541175221082991,0.009562666380904352,0.11529550718144724,6.0
42,0.006328940679117134,0.004572244332852267,0.004792919000556155,0.009300398510948396,0.28501255959967836,0.004775378361911474,0.026394470953098086,0.012332237385675498,0.328484081153703,0.007611589560235037,0.005282142099771135,0.3051130383624535,6.0
43,0.01300657154194762,0.0044030473302085656,0.019221987897725595,0.05780116986593289,0.3101646072524066,0.17460017186166443,0.04178655835246333,0.009403197568296193,0.15962001065647377,0.011543117728871729,0.02786268477122221,0.17058687517278717,6.0
44,0.009377590616191485,0.012687416770443312,0.016391452548478125,0.07488194755497088,0.4267987817177184,0.028439434608822617,0.034615048987959134,0.011860452954431847,0.14121872594848234,0.008608982227579857,0.006096996282934318,0.22902316978198778,6.0
45,0.004837664970102794,0.002070289790047201,0.02338139715322202,0.018539858424655824,0.610712528535966,0.022598088690853068,0.05467527699635576,0.012220131636343652,0.17247539039767903,0.006756641289531388,0.004508186857935356,0.06722454525730792,6.0
46,0.011325290304101919,0.011106427163256173,0.019079099659701223,0.03703824191070401,0.2967523637038616,0.05414268712907803,0.06643061154952001,0.023014575905088475,0.01971582747810017,0.017234765921019076,0.0275025304587494,0.41665757881682003,6.0
47,0.0169973972621021,0.017220853839438416,0.020721872707706538,0.027556426386723884,0.2849843610686692,0.030604177470561312,0.0862736909145255,0.042061414500929706,0.2699931091671217,0.019840169428038013,0.015286948911471306,0.1684595783427123,6.0
48,0.01182624650387995,0.013818353369394198,0.02415589891958929,0.09102939073632453,0.25488476907813934,0.033803363388529545,0.0864038074945569,0.02113199255542422,0.2042113084597089,0.017649490001230516,0.03265081082129031,0.20843456867193239,6.0
49,0.006144345008288475,0.0035425075451888197,0.00940838952289599,0.023487307275152032,0.25430682857518916,0.01889894043886927,0.03621850472546348,0.019576543440085286,0.3560083059893694,0.003434404647144424,0.003155799767916466,0.2658181230644372,6.0
50,0.010761689332325935,0.008782033484178888,0.004600367627556083,0.02247112502617338,0.36192744250810577,0.014918415468059207,0.08657665942157865,0.03532316337588342,0.28204101765141454,0.01388900232060045,0.010259084761632108,0.1484499990224915,6.0
51,0.012844485870228493,0.011671505870409837,0.02447272645040214,0.05476704405790963,0.6004221049058599,0.0930248582051012,0.029961473206437057,0.009782001656521683,0.03588354000594128,0.005690195576910211,0.011423851327194718,0.11005621286708382,6.0
52,0.013108015971738484,0.009790057114358108,0.017671852113234986,0.019902796239032593,0.1817302803488527,0.024980043523310447,0.1375133719295414,0.0319484472295508,0.33639692886879835,0.005170384690631493,0.007928779667784904,0.21385904230316582,6.0
53,0.009956520657109958,0.0075937020776270375,0.008035370287157378,0.013145525557700818,0.23891991156452183,0.00881890372138814,0.09769335941963775,0.08530638748331355,0.23299958975031657,0.008239927866047738,0.0071371854688271575,0.282153616146352,6.0
54,0.00823202427294537,0.004623506146250322,0.00208862706427349,0.029748865043927642,0.15293949917322172,0.006112703135576328,0.04293370380813832,0.019984036299448824,0.3485786014093906,0.006656235431820055,0.011460721383325878,0.3666414768316815,6.0
55,0.01012943987207776,0.004593759160974236,0.007238712331825727,0.025221356950161755,0.29539912575906674,0.012712910343235807,0.04297045435815764,0.025306628306093624,0.2739469709856614,0.00798935871000962,0.006395187155564425,0.2880960960671712,6.0
56,0.006946849679302021,0.0011717915902366162,0.001320309076317909,0.006479844294247968,0.11450466452109158,0.0029871914395114977,0.01496829312412856,0.09203223751768835,0.5191561605511081,0.01877398889225725,0.009343101823049439,0.21231556749106084,6.0
57,0.0077156086315143995,0.0026572389566294993,0.0044753967084378565,0.008820840988108165,0.1784343230287544,0.0030985368994724187,0.019159683987244096,0.10467398917241987,0.4096266124489326,0.018445414776542546,0.010686938151065003,0.23220541625087904,6.0
58,0.019437259426111606,0.006474354482577016,0.001462461049893265,0.015188563096655002,0.0008923091806888226,0.0022445902973719425,0.018957890821184518,0.018859053598391178,0.3879568210619768,0.026980261760538055,0.009109941154482434,0.49243649407012935,6.0
59,0.008382685819533234,0.002141832749270877,0.0067300851565162785,0.01620610281098821,0.1417454794350992,0.02487729952780758,0.19650610736268623,0.06999475946326007,0.2528828286489963,0.008428264118718606,0.007215146501573153,0.2648894084055503,6.0
60,0.05490108856808285,0.004771579126644244,0.025528479330738766,0.029612517065720923,0.3517239036240289,0.03340276779480713,0.03173865024935673,0.011032354341322725,0.31555123648503625,0.006241015576015022,0.04952603139520935,0.08597037644303714,6.0
61,0.011431850336373783,0.005034893731985252,0.011185659477089362,0.03490163157530977,0.33275638013382725,0.02312915842513322,0.023037397302291596,0.013848922718322899,0.16145291322743008,0.007322371472355072,0.014835066901774295,0.3610637546981076,6.0
62,0.00913535128966506,0.003466322811823608,0.011727401844444789,0.008244716091186039,0.26821813789624305,0.009338437317467169,0.03713305181668167,0.016416749370808097,0.32850149944490376,0.005912212400853924,0.0031627307114004124,0.29874338900452246,6.0
63,0.0052193396094028935,0.002316476418843172,0.004652686207967306,0.014802694192205033,0.35579599855095057,0.02467876980761733,0.01786980080020495,0.026980519715978882,0.29654329289115994,0.006631704663588481,0.0054454540341531766,0.23906326310792844,6.0
64,0.009580995905834097,0.001720567402962082,0.003950929806561317,0.015365083834466359,0.1250448023789549,0.005567528890433378,0.01738679731602251,0.0149223316708294,0.37902822359150534,0.023766863012623794,0.009877073514940802,0.393788802674866,6.0
65,0.024277112017650163,0.016789591528169924,0.02500019597447722,0.03573243020879385,0.43551805204896166,0.03819575380692604,0.04140781354812433,0.016645855981486057,0.1450826997131146,0.03328194683289641,0.03568177706441715,0.15238677127498274,6.0
66,0.018532558450399552,0.0047884468869633014,0.06211522373636346,0.012654719817702628,0.1605156914273476,0.013895527783707685,0.09952898729346958,0.020020781037276045,0.29297390764737974,0.007816987479731264,0.008363542112515802,0.2987936263271434,6.0
67,0.0066321408857482325,0.0039250938777546165,0.009383007882460605,0.026586104011773675,0.30579998575952655,0.02648741798633779,0.05189675971249945,0.017654562075881196,0.25919105191320096,0.011631014121454546,0.01093674397371094,0.2698761177996514,6.0
68,0.011502521690818742,0.014093862206340324,0.020518104067538855,0.030526589490389007,0.26346892002553596,0.011259277184545474,0.0668901859878295,0.02910888479380517,0.20434809652545893,0.012440572300048948,0.0126504672358875,0.3231925184918015,6.0
69,0.007975302179999973,0.002469272063151114,0.0019150994630954532,0.011752063840397568,0.2361535348579399,0.005546526011846257,0.016263959184592634,0.04492645584995057,0.39883072854143087,0.014322232297283832,0.003085972830076022,0.25675885288023587,6.0
70,0.007627238779224703,0.0036341857539342005,0.01129380602787075,0.018955362624933282,0.5896426358774915,0.033017111096732284,0.04896284110657216,0.018167690780227543,0.01327627571107412,0.003935518019411406,0.011041631733215736,0.24044570248931235,6.0
71,0.013725128573904156,0.023890000691859658,0.034650835029026675,0.010913148724922122,0.11564850378800412,0.03280308846729693,0.13902367857460823,0.020087887486596904,0.3843871221109968,0.012130108786689246,0.010213348095263062,0.202527149670832,6.0
72,0.009524059347023646,0.012304058751614206,0.029997798025720092,0.03981474757630393,0.1892337747333997,0.02553629725415233,0.08637308785108876,0.03291033351102409,0.04633615496310783,0.01966143169229272,0.016026475469385553,0.4922817808248872,6.0
73,0.0182307296906412,0.01775888512855431,0.01175121390887204,0.028082523174923386,0.006819760785288846,0.04146363370722322,0.09406035225482275,0.021263883359120307,0.22075475798938934,0.046440015640974774,0.0398592390979453,0.45351500526224453,6.0
74,0.020667101032454574,0.002258782595010257,0.006463230568589846,0.006264868069915617,0.1573153930387422,0.004870119386986736,0.013845880359405184,0.02873596148045728,0.3536594510020866,0.02392840141814808,0.010748554121187791,0.37124225692701573,6.0
75,0.005902414078667102,0.002279195258023742,0.006188776904456244,0.019221236376990407,0.4573688313154791,0.08722257672558209,0.029861800851154603,0.006284817931125793,0.1411739269825241,0.0061762879836834445,0.004429311855718468,0.23389082373659484,6.0
76,0.00790717700108481,0.0039039795077192474,0.003975444048890933,0.016907134385798966,0.36232227579672815,0.06754320622236784,0.030880196048278383,0.008002002279586432,0.22846447189575542,0.00631605186657176,0.007007710787706487,0.25677035015951155,6.0
77,0.01836936378907154,0.00355766516151489,0.016895681293358812,0.12577540310438912,0.24071054990182272,0.030012987406633374,0.07633900413910197,0.012910056804049523,0.2064316224452348,0.015263242762537425,0.03820638039455397,0.21552804279773172,6.0
78,0.014175984444864157,0.0023296326352163503,0.00360919758854465,0.007132647022739497,0.2719811201408516,0.0031540168835806305,0.012576905525344208,0.06984371859207653,0.32419077599196017,0.01412282579449066,0.0057631876964688526,0.27111998768386275,6.0
79,0.007826504555252467,0.017424817410025977,0.007372804983831657,0.09743995684113362,0.2461613794540834,0.010909570319671685,0.05415387894641574,0.006914614893297102,0.2407953874460293,0.01593026300866273,0.0369332005390043,0.258137621602592,6.0
80,0.007176102090938797,0.005682097753557732,0.006888790718693431,0.01663090684292692,0.49607096317719807,0.010500060683925798,0.023859993111708194,0.05432092683782966,0.041063146388048165,0.02674297033499971,0.014115358053423213,0.2969486840067503,6.0
81,0.007840194827454908,0.005689023965192108,0.010311977808517258,0.010982422081535242,0.37846235246198,0.01643576742896612,0.07104364419505659,0.00821776379864016,0.3202402957501866,0.005745415848345055,0.0027514363969927016,0.16227970543713321,6.0
82,0.014324296480319762,0.002633367605269122,0.0019571666609425422,0.04108249403394472,0.27142857987016383,0.03202791087817419,0.04354830180504626,0.012579599062377694,0.31543377310922005,0.008670440311410971,0.005673625669979491,0.25064044451315126,6.0
83,0.015474590178421992,0.027410397178178763,0.009274552197803123,0.10520348115134347,0.3200934965583431,0.019307862652170528,0.028789088281954995,0.013925050216976424,0.12870578247945463,0.010235410277982006,0.010953650984058235,0.31062663784331285,6.0
84,0.006346967335859642,0.008053816368586592,0.020221828691664098,0.025064319357593227,0.28107273327620425,0.05667627022688636,0.05393133314934704,0.0390151671478449,0.04557751346815845,0.026775680237299978,0.017996885540487867,0.41926748520006757,6.0
85,0.00774575890661123,0.008426104397837229,0.009613774116087265,0.03247605108316127,0.6333625245683182,0.01639144630310843,0.03175604652706905,0.00476975645389394,0.007506825668659947,0.0022238573806986715,0.008773953489782438,0.23695390110477244,6.0
86,0.017734897281678607,0.004043409611903037,0.005961611006365105,0.038738817715257376,0.3039242387894019,0.016632036159420664,0.047901860212295776,0.01273985594719993,0.18982508042089327,0.011598311095507909,0.011885516712105233,0.3390143650479713,6.0
87,0.010991104814031628,0.009908656059059613,0.009957037464485142,0.01883617944813013,0.26315984338629284,0.05502559141319457,0.028978480486835774,0.008224863559928379,0.2558941591384647,0.011478177081135897,0.01743715819580732,0.310108748952634,6.0
88,0.014678197382780504,0.021298021866069276,0.025470358101225783,0.052691762611389116,0.33733653633105487,0.07246898588603937,0.07067775595924335,0.018856981260862736,0.08276382884142872,0.021220036904757378,0.10659888586259064,0.17593864899255832,6.0
89,0.03641069815535584,0.0032046191312984557,0.0017422301330397428,0.03821406621554952,0.18304696240300075,0.004500116413076747,0.038989002174867046,0.014474822003998609,0.18520155465605506,0.04295918929929295,0.012778485459843962,0.4384782539546214,6.0
90,0.003936503229620688,0.0030575530644474094,0.008436582233529218,0.029756269121270766,0.7155149823477048,0.039606617595784724,0.0283207000974734,0.005598578724256333,0.02723851301800654,0.0048735943002426,0.01482546641197271,0.11883463985569086,6.0
91,0.009552615053064014,0.0022083512611050164,0.004483697458663387,0.00441852159021034,0.237035289347619,0.004333596055520457,0.018904740368517647,0.07452322306316207,0.37550279632224337,0.012991321092144518,0.009058518046106034,0.24698733034164405,6.0
92,0.0031487574524817247,0.0026566927862742428,0.004984401457850845,0.013760554687143153,0.252659979745248,0.007141661941536733,0.077311094260086,0.02165656206861036,0.2953613704515465,0.006041748865264367,0.004179567338030194,0.31109760894592786,6.0
93,0.004918995022398557,0.0016593954129534726,0.003038218131775194,0.012316960832551186,0.38147901411892676,0.012138424898255963,0.030146010559942957,0.009309626916989628,0.26169885711614477,0.003964934535125432,0.0030637638743290147,0.27626579858060696,6.0
94,0.01191061295344368,0.010356882023883093,0.016982148883120298,0.029277870645387723,0.3071547543179944,0.01833844567826128,0.08110260203312335,0.02648936388223021,0.2878945483115671,0.009201091522210398,0.008758447679462638,0.19253323206931608,6.0
95,0.009097875001456888,0.004298229925758431,0.09652466851206343,0.040046470451866246,0.18922886262750077,0.009642351051493364,0.026602259025558572,0.017962515089233515,0.2676279561453485,0.020238684970559057,0.01714518317024604,0.30158494402891534,6.0
96,0.007238536756021695,0.007249193618731056,0.0049570485084956435,0.006549392488769026,0.17879926168964938,0.009985401409675916,0.0916953661582741,0.0056544661118653515,0.2593906397610033,0.007037872755026444,0.005861504454253541,0.4155813162882346,6.0
97,0.01461624062853252,0.0013827017093917349,0.0023096119232198873,0.009681142941989934,0.12645756492171017,0.00421489166024314,0.008911717704090924,0.08363034188138221,0.5804560006949842,0.015046528140311247,0.006081069429626456,0.14721218836451766,6.0
98,0.010329550353928591,0.008421228930654114,0.006129190131885656,0.013491019229543552,0.6656476583603813,0.033926258838510456,0.05349411019535494,0.009068398723973465,0.007966136271308204,0.004096175193551413,0.010909148604399815,0.1765211251665084,6.0
99,0.0031355495924048913,0.0070764804380923875,0.009159474732094715,0.07765971719481973,0.34049803185617805,0.033145442264134684,0.04237764959894223,0.016322710011428074,0.021671902819604832,0.01815749441844148,0.05171228828595531,0.37908325878790355,6.0
100,0.004136737303947945,0.0021610767374110893,0.0037217524472611284,0.018118182974110945,0.3542208413095808,0.027148390719989,0.06285602995253362,0.01895215248861092,0.2981479425339666,0.010466841960222704,0.003118430854038022,0.19695162071832722,6.0
101,0.004191632792049442,0.0015835419897249764,0.0025819345622495314,0.019782374526137844,0.3531487100418359,0.024123638734031155,0.024146540883427367,0.009101147969241094,0.35836343461761017,0.005179296831875918,0.004711324759697337,0.19308642229211936,6.0
102,0.0086464724766032,0.002421383449623803,0.0025060051502264046,0.04974552828479593,0.3280709195356179,0.08598921204389604,0.01379108504335297,0.01160851854656543,0.14849281158715977,0.004271705871251247,0.0038321235888479437,0.3406242344220592,6.0
103,0.006107062156984453,0.002163332800782449,0.0022384997001367937,0.018525004515071802,0.334851645325254,0.020993040908435446,0.03087180710703099,0.016988388071945523,0.36487740946344227,0.0051247905968190635,0.005467225959286458,0.1917917933948107,6.0
104,0.012935899523153051,0.007382925541692287,0.015919479400793166,0.03291630334205018,0.19183890839368145,0.0087914557376911,0.04363153974495469,0.043683872279869626,0.3765147428831237,0.031802248026071726,0.02005279475984142,0.21452983036707746,6.0
105,0.005945770847571052,0.008554691002714299,0.030796340206756846,0.030269938638331353,0.1951271196637091,0.01154800549543366,0.0681461895973662,0.01204215573217326,0.025369975311105075,0.020761662106499167,0.02698253926562911,0.5644556121327108,6.0
106,0.00715646165299739,0.00829916146077678,0.01492087348934961,0.020719841668794692,0.23219346638672858,0.0183350133039873,0.07797406333989612,0.04526374882344397,0.33981704813637614,0.0049257214385789085,0.0059779186084974005,0.22441668169057308,6.0
107,0.007920048564537199,0.005177626128162613,0.023646302186146162,0.023428747279235253,0.2525456170303285,0.007258256016637534,0.0400490844518345,0.02172718242213296,0.25765027286932723,0.03080113643325364,0.010706844009968667,0.3190888826084358,6.0
108,0.005859472529569179,0.0017703058166836784,0.005253787837326125,0.017417375536149714,0.4366822299885604,0.012003830764548236,0.044261894053777506,0.010738523725189224,0.3162846312535399,0.007208694784534202,0.00479732195306349,0.1377219317570582,6.0
109,0.004785918856691689,0.0029933278330580805,0.003448218233201776,0.020097609840241726,0.18973311993565506,0.02686720416229844,0.010332574948658111,0.014069881617497318,0.3047835437919813,0.006694398407067316,0.005585490335533545,0.4106087120381157,6.0
110,0.006302647542084567,0.0015453454956268564,0.0009650545697217761,0.008820803087093059,0.15272774499944208,0.003464987317890942,0.009128133182608014,0.08251366258507815,0.47648294004059216,0.015440624531911583,0.003048265107856793,0.2395597915400941,6.0
111,0.033407977116959565,0.01146126453962595,0.03636718162357209,0.031032010242705906,0.201106656879753,0.020164488994990834,0.14181366303923734,0.03449349133721834,0.1919005685597302,0.014050807118553521,0.011844725552792134,0.2723571649948612,6.0
112,0.006116104876116547,0.005756224330606762,0.023043793696885983,0.040934674837553725,0.4152079921852131,0.06082173075525255,0.06174526124570878,0.012881378478187294,0.03736929731043822,0.013478425553207744,0.0175020685028036,0.30514304822802557,6.0
113,0.006187546238724274,0.002545261458512391,0.001650826723863124,0.011787124218628563,0.25619842664123677,0.0032185274988943005,0.019395189862827202,0.04125354911775031,0.3320157124107264,0.013072493242006978,0.006576717249279564,0.3060986253375503,6.0
114,0.001474757708012139,0.0027938557323572066,0.0025063950272002328,0.005322849546268036,0.5118956658973949,0.006883490078455611,0.01636197110004093,0.005743109941980523,0.012866594743575932,0.014079824263676497,0.007452747152408068,0.4126187388086301,6.0
115,0.004927031072008602,0.0026500850175826657,0.01753028688497636,0.02086912510624591,0.2699903500217486,0.003363236317967011,0.050103219153028254,0.029589082242239405,0.303516081631682,0.029029676306260067,0.005994841242276307,0.2624369850039848,6.0
116,0.00612613404292811,0.003962186967401948,0.007698106007574786,0.024069553505717257,0.17195634947990468,0.021646785738021968,0.030584388344235155,0.015112465884764557,0.224003991124968,0.005768028407580845,0.009755057521516348,0.47931695297538635,6.0
117,0.00537977399870909,0.0008280612292605666,0.0015938077680555305,0.009049486437326578,0.13497975943195034,0.002907306665912292,0.009960332116992189,0.05520621987158771,0.5097019722211426,0.016298343690049337,0.003168781587773172,0.2509261549812406,6.0
118,0.005408284074709274,0.002972831078917777,0.01765760392964328,0.017056319742790153,0.44768505517625795,0.023744892770229765,0.07461456191012868,0.025011107416553807,0.26754267556941186,0.009255028940975902,0.005453532936353648,0.10359810645402796,6.0
119,0.00818729941997222,0.004542860348885294,0.00424231373152746,0.01037038048311042,0.10522321791582408,0.005561026431274378,0.023689391974770588,0.04026285158975937,0.5483823366872451,0.024358933204369083,0.006889581171207868,0.21828980704205408,6.0
120,0.0047969770055923166,0.003323167992566396,0.0015557157356345995,0.03813931701697115,0.44022613641298325,0.055943700580829876,0.017801055362917304,0.01239900674798781,0.19870384227166984,0.005139263998019366,0.0054983754703440855,0.21647344140448416,6.0
121,0.00983999970688031,0.003362294289447844,0.008004491306076307,0.01744394638530391,0.4089654151262828,0.03435301512720446,0.045845551818822994,0.006250744440788588,0.12800575915032356,0.007872849686935616,0.009473504742241852,0.32058242821969185,6.0
122,0.013832095672798849,0.0057331289098522245,0.022292098454598844,0.03406480903901472,0.3334294733914534,0.06149819124954298,0.025428795439162304,0.009666158897374403,0.20182939377425324,0.005764502807117931,0.010796268181995503,0.2756650841828357,6.0
123,0.010777676789966453,0.008028170968612837,0.00419173392198978,0.10627873994069358,0.24064478685909696,0.01226544832152981,0.02290870631500754,0.009547814583050259,0.2821044939014837,0.006939815114759054,0.00390839943678096,0.2924042138470291,6.0
124,0.007779062038611304,0.008214752197082575,0.010876662117354396,0.03505737535346256,0.3671159175402765,0.022124073838484165,0.06332715894823841,0.006252921987284322,0.11636986603853569,0.007436649288510814,0.015095379907965643,0.34035018074419365,6.0
125,0.010153786008498939,0.0029709984974396176,0.017874245379970885,0.05496070186446432,0.5124431831883275,0.05541656411468205,0.029595379358922813,0.014293384695373513,0.11049899353774005,0.0046315146204775,0.005747995265949069,0.18141325346815382,6.0
126,0.004475050073248841,0.0051282003092651945,0.00861014673306706,0.048915257388825725,0.6180066278296665,0.10313208946157443,0.0595914173849759,0.008243368962991481,0.019599484285078458,0.007235504236069682,0.008013423192130716,0.10904943014310585,6.0
127,0.007793464173834569,0.005821450641759583,0.006134112112752676,0.008498534106533492,0.5234097722828255,0.01295401647980913,0.024596389233934507,0.016314578029257357,0.14127463789961264,0.0030521295028662202,0.008254534120744738,0.2418963814160697,6.0
128,0.005668856812048285,0.003141583255276661,0.036992100467682316,0.02088194419155835,0.45721754627092187,0.019578499530203637,0.054921123351377325,0.020238670471378617,0.22390614222682087,0.03779163056414619,0.03178814196693061,0.08787376089165533,6.0
129,0.011906411466795365,0.018167221721876698,0.005911980549284948,0.016096454517038398,0.038747915167434796,0.007965471431263286,0.07064258535949472,0.007254022036959917,0.313283257960894,0.009819283187364096,0.01193966037000608,0.4882657362315878,6.0
130,0.007002435545806731,0.003992944588710802,0.006985329296654067,0.02189074816789353,0.369067463321079,0.021716638448828377,0.029609397733970984,0.023538517606173443,0.22247065747517691,0.006579315962608777,0.004654978671315738,0.28249157318178153,6.0
131,0.0075431127674624385,0.006416390066099993,0.00798393365121172,0.05831712692822961,0.250788142857615,0.02024099095559641,0.05726172898182027,0.012366339432230622,0.1850743045368584,0.009969140644222581,0.010430292120950178,0.3736084970577027,6.0
132,0.007744152338118834,0.0019591990464039874,0.01399342925574431,0.011820643231541583,0.6205597602875366,0.027166194007318817,0.018793339557061254,0.005761256289365309,0.11839300065195171,0.007293687122014862,0.004534168713146749,0.1619811694997961,6.0
133,0.00615157284119727,0.002199948040556038,0.006975592382918498,0.009130142312396337,0.5754942842763628,0.017671336008331418,0.01939076023566156,0.006972144324643965,0.0039838667104761406,0.002487436135208601,0.004461771659525473,0.34508114507272175,6.0
134,0.01164091835319058,0.004233484771845661,0.0017437199696014637,0.04242221295504881,0.3304770946182137,0.004185289733407226,0.03348428168289341,0.02807446788390148,0.1850926169873614,0.02351442578058986,0.014505399766608147,0.3206260874973383,6.0
135,0.009881340214383985,0.007498328667234058,0.08528307418915149,0.016775239922449375,0.4215787447555161,0.016718643397475287,0.07079761929621729,0.005045300267459401,0.2427525599327419,0.0352021242390168,0.009730629650738103,0.07873639546761624,6.0
136,0.006465216333879566,0.001603643724021173,0.008283157558446054,0.015701909339869456,0.4470186463169198,0.013469132180872546,0.03525973459629847,0.020835273345353615,0.18687622447192523,0.0062930663270554825,0.004125568311607226,0.25406842749375114,6.0
137,0.006366008555754472,0.006579522800883462,0.014669223966892535,0.013440158726406958,0.2642571966670479,0.010653022849236774,0.02639907009491474,0.013509067616385297,0.2486359233840756,0.00984305591808012,0.006972948796301355,0.37867480062402076,6.0
138,0.0111155800747091,0.002528838249744871,0.02260676361829054,0.023094277637947278,0.16970798689934938,0.21753501347587922,0.06107739454880415,0.014570297690541,0.24348149450880482,0.023434573233514465,0.017204574865913674,0.1936432051965015,6.0
139,0.003483051067330995,0.004864267833503091,0.0022523836506590264,0.027075171194371337,0.36221517353252536,0.017592391637901272,0.04391318952340274,0.015458113786762855,0.27253617526520024,0.006937273595882413,0.016774612848042565,0.22689819606441813,6.0
140,0.0176873894133661,0.021671408605642234,0.024279797372920263,0.04138653752924362,0.1226360155227099,0.010892608941033057,0.08912174975789136,0.03604141742634101,0.4317777013266674,0.016087022816894246,0.01118349894853671,0.177234852338754,6.0
141,0.00867006676331276,0.002982787327652924,0.00393426168733979,0.020588868421440053,0.5431292036920686,0.025155297945752286,0.027973672448664975,0.007632716558366352,0.11305998725589503,0.004039849728558636,0.005268541637893203,0.2375647465330555,6.0
142,0.004861258284659828,0.0029191456493654682,0.0027341373868668487,0.01654267489637146,0.23759674590993984,0.015124771276307639,0.06719197836620243,0.009628037316947124,0.3977406098544519,0.00796126194736067,0.005306546351085842,0.23239283276044104,6.0
143,0.00607630428750857,0.0032003283160063852,0.014199372313385528,0.034342469982701275,0.32977553244230723,0.04828166769258743,0.02923946950998098,0.0043091372783423286,0.015501161408486735,0.025806179147621115,0.006412494943371461,0.4828558826777009,6.0
144,0.012938970525171081,0.0022797153456954244,0.0038652003271413163,0.1192563428839417,0.34424185804304736,0.020140963488226374,0.02886578094412182,0.012087090629413247,0.3633083515375162,0.004776288329769433,0.003541221371857237,0.08469821657409893,6.0
145,0.005599043446982635,0.005927879768326626,0.05160327621086788,0.02866734660990741,0.27476816643518664,0.01429253222913904,0.0671724898666678,0.008505962815858569,0.34622858737413786,0.007843973804121378,0.004485740463948616,0.18490500097485563,6.0
146,0.011153376256006618,0.0033581127629316167,0.008588284859123016,0.021571345304933393,0.16654037094568017,0.01440855963726312,0.11072830574831796,0.015043343859586276,0.2695796353460575,0.008176862515022304,0.0027323559236862452,0.3681194468413918,6.0
147,0.02074627737771004,0.00412569144173735,0.011100152886060725,0.06420860022691707,0.38278986206857796,0.027493550996493133,0.03613003141892083,0.023741307610598786,0.23946025954303424,0.011546806137755014,0.014358175671910693,0.16429928462028412,6.0
148,0.01227466260579332,0.003711077516773116,0.02095512962392088,0.012622101869653742,0.26966714372174244,0.0416026972044879,0.09945276281458641,0.024826046792183722,0.4057092463231809,0.012764180149942591,0.012045709331205473,0.08436924204652951,6.0
149,0.007455283223929391,0.0055949395067883744,0.07623004380191407,0.018696562992551787,0.17145426354956803,0.016099603080298504,0.06674165173815917,0.017699141330074362,0.5484455629373173,0.006955156836356156,0.010590532518573833,0.0540372584844689,6.0
150,0.004675993221015373,0.0010311333538160323,0.0020665025131484985,0.0078005245189700645,0.14360386468422356,0.0024204929158269804,0.00974414535230883,0.0880088229261126,0.6004610897148156,0.019150551260205324,0.004671146787249181,0.11636573275230792,6.0
151,0.0069217897645265005,0.004399412962642037,0.015548192959980103,0.02964582270944204,0.4239006960242726,0.04399414709231132,0.03164587550315393,0.0065960264912316964,0.12253086286038527,0.011180425985010766,0.006479193673885828,0.29715755397315796,6.0
152,0.008478514045882114,0.0022458870566781338,0.0013260151563545906,0.043497481711969266,0.49762171883527095,0.044911745251057275,0.023575314522582016,0.007144488262408729,0.17900149296549095,0.003833368821977861,0.0019713017682197256,0.18639267160210823,6.0
153,0.009016337324546916,0.015985305142974898,0.04711412653750608,0.024594249498135018,0.39389023963460496,0.021410237001179996,0.10050337493239321,0.010053315934371051,0.15042413128709564,0.017786477061234075,0.014765922102250275,0.19445628354370795,6.0
154,0.007566378188961549,0.0021814607528092304,0.005465628188179599,0.022074478062213784,0.35967922780655703,0.049192996217988144,0.04460749430034248,0.008638896633324228,0.21442003289158865,0.008732093401381265,0.004404286032767054,0.2730370275238869,6.0
155,0.007920033671182483,0.005177618954239631,0.023646242475492463,0.023428664368420355,0.25254554344023256,0.007258202215763042,0.040049067504763156,0.021727190988006156,0.2576503375429874,0.03080111657500835,0.010706835689859142,0.31908914657404525,6.0
156,0.012525422337778811,0.004506673919282675,0.012315323132897408,0.019752704425287357,0.07199043943123974,0.010846783183394907,0.03757980141430176,0.0349276854118594,0.4140535368963016,0.0295442234526742,0.01181331639908883,0.34014408999589324,6.0
157,0.007206583043357661,0.010483474523852997,0.009487088494409433,0.029679958951831474,0.29100606467543916,0.016524404234012083,0.09506536427502482,0.039198811767736846,0.3476380484721296,0.011459012244140292,0.016618483972500358,0.12563270534556537,6.0
